[1,  100]       loss: 0.09584
[1,  200]       loss: 0.07890
[1,  300]       loss: 0.07093
[1,  400]       loss: 0.06543
[1,  500]       loss: 0.06212
[1,  600]       loss: 0.05883
[1,  700]       loss: 0.05553
[1,  800]       loss: 0.05261
[1,  900]       loss: 0.05020
[1, 1000]       loss: 0.04724
[1, 1100]       loss: 0.04496
[1, 1200]       loss: 0.04332
[1, 1300]       loss: 0.04187
[1, 1400]       loss: 0.03990
[2,  100]       loss: 0.03768
[2,  200]       loss: 0.03654
[2,  300]       loss: 0.03504
[2,  400]       loss: 0.03359
[2,  500]       loss: 0.03292
[2,  600]       loss: 0.03205
[2,  700]       loss: 0.03090
[2,  800]       loss: 0.03009
[2,  900]       loss: 0.02941
[2, 1000]       loss: 0.02822
[2, 1100]       loss: 0.02740
[2, 1200]       loss: 0.02687
[2, 1300]       loss: 0.02651
[2, 1400]       loss: 0.02582
[3,  100]       loss: 0.02498
[3,  200]       loss: 0.02465
[3,  300]       loss: 0.02393
[3,  400]       loss: 0.02323
[3,  500]       loss: 0.02305
[3,  600]       loss: 0.02273
[3,  700]       loss: 0.02215
[3,  800]       loss: 0.02186
[3,  900]       loss: 0.02168
[3, 1000]       loss: 0.02101
[3, 1100]       loss: 0.02063
[3, 1200]       loss: 0.02038
[3, 1300]       loss: 0.02034
[3, 1400]       loss: 0.02002
[4,  100]       loss: 0.01959
[4,  200]       loss: 0.01949
[4,  300]       loss: 0.01905
[4,  400]       loss: 0.01859
[4,  500]       loss: 0.01856
[4,  600]       loss: 0.01844
[4,  700]       loss: 0.01802
[4,  800]       loss: 0.01792
[4,  900]       loss: 0.01795
[4, 1000]       loss: 0.01748
[4, 1100]       loss: 0.01729
[4, 1200]       loss: 0.01712
[4, 1300]       loss: 0.01719
[4, 1400]       loss: 0.01701
[5,  100]       loss: 0.01672
[5,  200]       loss: 0.01672
[5,  300]       loss: 0.01641
[5,  400]       loss: 0.01604
[5,  500]       loss: 0.01606
[5,  600]       loss: 0.01605
[5,  700]       loss: 0.01568
[5,  800]       loss: 0.01565
[5,  900]       loss: 0.01580
[5, 1000]       loss: 0.01541
[5, 1100]       loss: 0.01532
[5, 1200]       loss: 0.01519
[5, 1300]       loss: 0.01530
[5, 1400]       loss: 0.01518
[6,  100]       loss: 0.01495
[6,  200]       loss: 0.01498
[6,  300]       loss: 0.01474
[6,  400]       loss: 0.01442
[6,  500]       loss: 0.01445
[6,  600]       loss: 0.01451
[6,  700]       loss: 0.01414
[6,  800]       loss: 0.01416
[6,  900]       loss: 0.01438
[6, 1000]       loss: 0.01404
[6, 1100]       loss: 0.01400
[6, 1200]       loss: 0.01388
[6, 1300]       loss: 0.01401
[6, 1400]       loss: 0.01392
[7,  100]       loss: 0.01371
[7,  200]       loss: 0.01376
[7,  300]       loss: 0.01357
[7,  400]       loss: 0.01327
[7,  500]       loss: 0.01329
[7,  600]       loss: 0.01340
[7,  700]       loss: 0.01302
[7,  800]       loss: 0.01307
[7,  900]       loss: 0.01333
[7, 1000]       loss: 0.01302
[7, 1100]       loss: 0.01302
[7, 1200]       loss: 0.01290
[7, 1300]       loss: 0.01304
[7, 1400]       loss: 0.01297
[8,  100]       loss: 0.01276
[8,  200]       loss: 0.01282
[8,  300]       loss: 0.01266
[8,  400]       loss: 0.01238
[8,  500]       loss: 0.01238
[8,  600]       loss: 0.01254
[8,  700]       loss: 0.01214
[8,  800]       loss: 0.01221
[8,  900]       loss: 0.01251
[8, 1000]       loss: 0.01221
[8, 1100]       loss: 0.01225
[8, 1200]       loss: 0.01213
[8, 1300]       loss: 0.01227
[8, 1400]       loss: 0.01220
[9,  100]       loss: 0.01199
[9,  200]       loss: 0.01206
[9,  300]       loss: 0.01193
[9,  400]       loss: 0.01164
[9,  500]       loss: 0.01164
[9,  600]       loss: 0.01183
[9,  700]       loss: 0.01141
[9,  800]       loss: 0.01149
[9,  900]       loss: 0.01183
[9, 1000]       loss: 0.01154
[9, 1100]       loss: 0.01161
[9, 1200]       loss: 0.01149
[9, 1300]       loss: 0.01162
[9, 1400]       loss: 0.01157
[10,  100]      loss: 0.01135
[10,  200]      loss: 0.01143
[10,  300]      loss: 0.01131
[10,  400]      loss: 0.01103
[10,  500]      loss: 0.01100
[10,  600]      loss: 0.01124
[10,  700]      loss: 0.01080
[10,  800]      loss: 0.01089
[10,  900]      loss: 0.01126
[10, 1000]      loss: 0.01097
[10, 1100]      loss: 0.01106
[10, 1200]      loss: 0.01095
[10, 1300]      loss: 0.01107
[10, 1400]      loss: 0.01104